0.93
-1.0
-1.88
-1.0
-1.87
-1.0
-1.85
-1.0
-1.88
-1.0
-1.87
-1.0
-1.86
-1.0
-1.88
-1.0
-1.85
-1.0
-1.79
-1.0
-1.88
-1.0
-1.9
-1.0
-1.84
-1.0
0.93
-1.0
-1.88
-1.0
-1.87
-1.0
-1.85
-1.0
-1.88
-1.0
-1.87
-1.0
-1.86
-1.0
-1.88
-1.0
-1.85
-1.0
-1.79
-1.0
-1.88
-1.0
-1.9
-1.0
-1.84
-1.0
-1.89
0.0
-1.86
0.0
-1.87
0.0
-1.85
0.0
-1.88
0.0
-1.89
0.0
-1.9
0.0
-1.85
0.0
-1.9
0.0
-1.88
0.0
-1.89
0.0
-1.87
0.0
-1.87
0.0
-1.86
0.0
-1.88
-1.0
-1.87
-1.0
-1.98
-1.0
-1.9
-1.0
-1.94
-1.0
-1.9
-1.0
-1.85
-1.0
-1.82
-1.0
-1.92
-1.0
-1.91
-1.0
-1.85
-1.0
-1.91
-1.0
0.89
-1.0
-1.88
-1.0
-1.87
-1.0
-1.98
-1.0
-1.9
-1.0
-1.94
-1.0
-1.9
-1.0
-1.85
-1.0
-1.82
-1.0
-1.92
-1.0
-1.91
-1.0
-1.85
-1.0
-1.91
-1.0
-1.88
0.0
-1.86
0.0
-1.94
0.0
-1.86
0.0
-1.88
0.0
-1.84
0.0
-1.91
0.0
-1.85
0.0
-1.92
0.0
-1.91
0.0
-1.9
0.0
-1.89
0.0
-1.89
0.0
-1.9
0.0
-1.84
0.0
-1.87
0.0
-1.88
0.0
-1.82
0.0
-1.78
0.0
-1.92
0.0
-1.93
0.0
-1.9
-23.0
-1.84
201.0
-1.9
339.0
-1.91
397.0
-1.84
531.0
-1.94
604.0
-1.96
701.0
-1.9
795.0
-1.86
933.0
-1.87
1026.0
-1.92
1076.0
-1.88
999.0
-1.89
1000.0
-1.83
1001.0
-1.85
1089.0
-1.92
1473.0
-1.86
1690.0
-1.88
1782.0
-1.83
1782.0
-1.91
1924.0
-1.85
2067.0
-1.91
2451.0
-1.91
2646.0
-2.0
2645.0
-1.94
2743.0
-1.86
3027.0
-1.87
3389.0
-1.93
3448.0
-1.87
3447.0
-1.85
3450.0
-1.9
3787.0
-1.83
4107.0
-1.89
4108.0
-1.92
4370.0
-1.89
4551.0
-1.84
4768.0
-1.87
4793.0
-1.84
4801.0
-1.87
5386.0
-1.88
5491.0
-1.86
5432.0
-1.91
4692.0
-1.9
4145.0
-1.89
4145.0
-1.88
3857.0
-1.84
3365.0
-1.93
2723.0
-1.92
2255.0
-1.92
1924.0
-1.9
1917.0
-1.85
1242.0
-1.95
865.0
-1.89
619.0
-1.95
205.0
-1.92
-407.0
-1.86
-431.0
-1.9
-498.0
-1.87
-776.0
-1.87
-812.0
-1.9
-808.0
-1.88
-808.0
-1.89
-808.0
-1.88
-808.0
-1.91
-808.0
-1.9
-808.0
-0.24
-808.0
-3.68
-808.0
